   0 19172.5094   0.0086  -0.0040
   1 19172.5216  -0.0176   0.0025
   2 19172.5339   0.0058   0.0064
   3 19172.5461  -0.0028  -0.0168
   4 19172.5583   0.0205   0.0027
   5 19172.5705  -0.0072   0.0038
   6 19172.5827  -0.0070   0.0016
   7 19172.5949   0.0051  -0.0018
   8 19172.6071  -0.0031  -0.0097
   9 19172.6193  -0.0048   0.0059
  10 19172.6315   0.0024   0.0025
  11 19172.6437   0.0016   0.0215
  12 19172.6559  -0.0070   0.0125
  13 19172.6681  -0.0123   0.0112
  14 19172.6804  -0.0057   0.0009
  15 19172.6926  -0.0031   0.0060
  16 19172.7048   0.0231   0.0058
  17 19172.7170  -0.0043   0.0120
  18 19172.7292   0.0044  -0.0124
  19 19172.7414  -0.0064  -0.0051
  20 19172.7536   0.0099   0.0005
  21 19172.7658   0.0005  -0.0115
  22 19172.7780   0.0180   0.0105
  23 19172.7902   0.0119  -0.0070
  24 19172.8024  -0.0031   0.0030
  25 19172.8147   0.0009  -0.0045
  26 19172.8269  -0.0061   0.0030
  27 19172.8391   0.0042  -0.0011
  28 19172.8513   0.0020  -0.0087
  29 19172.8635   0.0023  -0.0043
  30 19172.8757   0.0116   0.0051
  31 19172.8879  -0.0025  -0.0015
  32 19172.9001   0.0073   0.0079
  33 19172.9123   0.0013   0.0194
  34 19172.9245  -0.0031   0.0047
  35 19172.9367  -0.0117   0.0094
  36 19172.9489   0.0032   0.0126
  37 19172.9612   0.0252  -0.0034
  38 19172.9734   0.0135   0.0007
  39 19172.9856   0.0100   0.0150
  40 19172.9978  -0.0076   0.0081
  41 19173.0100   0.0124   0.0237
  42 19173.0222   0.0103   0.0085
  43 19173.0344   0.0042   0.0092
  44 19173.0466  -0.0071   0.0071
  45 19173.0588  -0.0053  -0.0071
  46 19173.0710  -0.0014   0.0077
  47 19173.0832  -0.0090  -0.0023
  48 19173.0955   0.0026   0.0120
  49 19173.1077  -0.0122   0.0032
  50 19173.1199  -0.0114   0.0023
  51 19173.1321   0.0073  -0.0003
  52 19173.1443   0.0051   0.0071
  53 19173.1565   0.0167   0.0079
  54 19173.1687   0.0052  -0.0047
  55 19173.1809   0.0080   0.0055
  56 19173.1931  -0.0046   0.0159
  57 19173.2053   0.0056   0.0107
  58 19173.2175  -0.0087   0.0107
  59 19173.2297  -0.0189  -0.0054
  60 19173.2420   0.0044   0.0044
  61 19173.2542  -0.0120   0.0001
  62 19173.2664  -0.0024   0.0017
  63 19173.2786   0.0019   0.0206
  64 19173.2908  -0.0036   0.0049
  65 19173.3030  -0.0007  -0.0074
  66 19173.3152   0.0093  -0.0081
  67 19173.3274  -0.0032   0.0013
  68 19173.3396  -0.0032   0.0195
  69 19173.3518   0.0018   0.0044
  70 19173.3640   0.0117  -0.0043
  71 19173.3762  -0.0021   0.0089
  72 19173.3885   0.0093  -0.0007
  73 19173.4007   0.0244   0.0112
  74 19173.4129   0.0124  -0.0010
  75 19173.4251   0.0053  -0.0130
  76 19173.4373   0.0040  -0.0020
  77 19173.4495  -0.0026  -0.0075
  78 19173.4617   0.0070   0.0061
  79 19173.4739  -0.0070  -0.0020
  80 19173.4861   0.0031  -0.0011
  81 19173.4983  -0.0069  -0.0049
  82 19173.5105  -0.0025   0.0015
  83 19173.5228  -0.0070  -0.0116
  84 19173.5350   0.0021  -0.0001
  85 19173.5472   0.0106  -0.0036
  86 19173.5594  -0.0076   0.0014
  87 19173.5716  -0.0038   0.0065
  88 19173.5838   0.0145   0.0073
  89 19173.5960   0.0155  -0.0025
  90 19173.6082  -0.0033   0.0032
  91 19173.6204   0.0023   0.0017
  92 19173.6326  -0.0085  -0.0045
  93 19173.6448   0.0010   0.0157
  94 19173.6570   0.0077  -0.0010
  95 19173.6693   0.0163   0.0036
  96 19173.6815  -0.0030   0.0287
  97 19173.6937  -0.0047   0.0084
  98 19173.7059  -0.0020   0.0128
  99 19173.7181   0.0032  -0.0092
 100 19173.7303   0.0073   0.0086
 101 19173.7425   0.0021   0.0074
 102 19173.7547   0.0076  -0.0034
 103 19173.7669  -0.0018  -0.0065
 104 19173.7791   0.0076   0.0044
 105 19173.7913   0.0059  -0.0046
 106 19173.8036  -0.0054  -0.0031
 107 19173.8158  -0.0003  -0.0049
 108 19173.8280  -0.0108   0.0023
 109 19173.8402  -0.0081  -0.0033
 110 19173.8524  -0.0044   0.0049
 111 19173.8646  -0.0168   0.0031
 112 19173.8768   0.0088   0.0119
 113 19173.8890  -0.0029   0.0045
 114 19173.9012   0.0061   0.0124
 115 19173.9134  -0.0039   0.0119
 116 19173.9256  -0.0148   0.0019
 117 19173.9378   0.0042   0.0168
 118 19173.9501  -0.0138  -0.0006
 119 19173.9623  -0.0059  -0.0079
 120 19173.9745  -0.0161   0.0113
 121 19173.9867  -0.0206   0.0110
 122 19173.9989   0.0053  -0.0008
 123 19174.0111   0.0001   0.0031
 124 19174.0233  -0.0060   0.0219
 125 19174.0355  -0.0028   0.0184
 126 19174.0477  -0.0126  -0.0117
 127 19174.0599  -0.0133   0.0048
 128 19174.0721  -0.0080   0.0059
 129 19174.0844   0.0027   0.0105
 130 19174.0966   0.0135   0.0116
 131 19174.1088  -0.0004   0.0048
 132 19174.1210  -0.0072  -0.0034
 133 19174.1332  -0.0055  -0.0075
 134 19174.1454  -0.0156  -0.0074
 135 19174.1576  -0.0175  -0.0090
 136 19174.1698  -0.0176   0.0026
 137 19174.1820   0.0163  -0.0023
 138 19174.1942  -0.0059  -0.0041
 139 19174.2064  -0.0045   0.0069
 140 19174.2186   0.0019   0.0148
 141 19174.2309  -0.0021   0.0034
 142 19174.2431   0.0001  -0.0083
 143 19174.2553  -0.0133   0.0031
 144 19174.2675  -0.0048   0.0064
 145 19174.2797  -0.0064  -0.0156
 146 19174.2919  -0.0110   0.0024
 147 19174.3041  -0.0059  -0.0163
 148 19174.3163  -0.0179   0.0183
 149 19174.3285   0.0192   0.0079
 150 19174.3407   0.0049  -0.0165
 151 19174.3529  -0.0044   0.0033
 152 19174.3652   0.0104  -0.0095
 153 19174.3774   0.0037  -0.0135
 154 19174.3896   0.0123  -0.0070
 155 19174.4018   0.0175   0.0122
 156 19174.4140  -0.0112   0.0013
 157 19174.4262  -0.0104  -0.0110
 158 19174.4384   0.0122  -0.0163
 159 19174.4506  -0.0036  -0.0018
 160 19174.4628  -0.0079  -0.0240
 161 19174.4750  -0.0000  -0.0115
 162 19174.4872   0.0190  -0.0016
 163 19174.4994   0.0118  -0.0017
 164 19174.5117  -0.0031  -0.0092
 165 19174.5239   0.0185  -0.0265
 166 19174.5361  -0.0052  -0.0094
 167 19174.5483   0.0075  -0.0111
 168 19174.5605   0.0013  -0.0100
 169 19174.5727   0.0102   0.0010
 170 19174.5849   0.0209   0.0045
 171 19174.5971   0.0078   0.0061
 172 19174.6093   0.0183   0.0043
 173 19174.6215  -0.0082  -0.0063
 174 19174.6337   0.0188  -0.0110
 175 19174.6459  -0.0012  -0.0062
 176 19174.6582  -0.0015   0.0081
 177 19174.6704   0.0016  -0.0018
 178 19174.6826   0.0118  -0.0059
 179 19174.6948   0.0078  -0.0110
 180 19174.7070   0.0034   0.0065
 181 19174.7192   0.0108   0.0006
 182 19174.7314   0.0082   0.0121
 183 19174.7436   0.0141  -0.0113
 184 19174.7558   0.0016  -0.0167
 185 19174.7680  -0.0055  -0.0115
 186 19174.7802  -0.0004  -0.0061
 187 19174.7925   0.0050  -0.0085
 188 19174.8047  -0.0123   0.0145
 189 19174.8169   0.0127   0.0012
 190 19174.8291   0.0035   0.0061
 191 19174.8413  -0.0011  -0.0038
 192 19174.8535   0.0093   0.0025
 193 19174.8657   0.0082  -0.0005
 194 19174.8779   0.0088   0.0142
 195 19174.8901   0.0051  -0.0080
 196 19174.9023   0.0090  -0.0018
 197 19174.9145   0.0074   0.0137
 198 19174.9267   0.0269   0.0056
 199 19174.9390   0.0025   0.0136
 200 19174.9512   0.0024   0.0015
 201 19174.9634   0.0080   0.0084
 202 19174.9756  -0.0019   0.0032
 203 19174.9878  -0.0068   0.0051
 204 19175.0000  -0.0052   0.0104
 205 19175.0122  -0.0003   0.0137
 206 19175.0244   0.0026  -0.0040
 207 19175.0366   0.0038   0.0074
 208 19175.0488   0.0010   0.0040
 209 19175.0610  -0.0008  -0.0118
 210 19175.0733  -0.0144  -0.0135
 211 19175.0855  -0.0172  -0.0056
 212 19175.0977   0.0001   0.0059
 213 19175.1099   0.0041  -0.0003
 214 19175.1221   0.0023  -0.0060
 215 19175.1343  -0.0106  -0.0035
 216 19175.1465   0.0014   0.0070
 217 19175.1587  -0.0179   0.0169
 218 19175.1709   0.0010  -0.0051
 219 19175.1831   0.0026  -0.0087
 220 19175.1953   0.0102  -0.0029
 221 19175.2075   0.0119  -0.0020
 222 19175.2198   0.0033   0.0079
 223 19175.2320   0.0178  -0.0103
 224 19175.2442   0.0137  -0.0002
 225 19175.2564  -0.0056   0.0125
 226 19175.2686  -0.0083  -0.0213
 227 19175.2808   0.0023   0.0106
 228 19175.2930   0.0025   0.0122
 229 19175.3052   0.0144   0.0070
 230 19175.3174  -0.0015   0.0021
 231 19175.3296   0.0145   0.0111
 232 19175.3418   0.0182   0.0158
 233 19175.3541   0.0104  -0.0034
 234 19175.3663   0.0146  -0.0044
 235 19175.3785  -0.0050  -0.0015
 236 19175.3907   0.0041   0.0015
 237 19175.4029   0.0056  -0.0119
 238 19175.4151  -0.0063   0.0131
 239 19175.4273  -0.0002   0.0049
 240 19175.4395  -0.0052   0.0017
 241 19175.4517  -0.0099  -0.0007
 242 19175.4639   0.0029   0.0076
 243 19175.4761  -0.0050   0.0108
 244 19175.4883  -0.0084  -0.0139
 245 19175.5006   0.0052  -0.0076
 246 19175.5128   0.0106   0.0002
 247 19175.5250   0.0008   0.0034
 248 19175.5372  -0.0068   0.0078
 249 19175.5494   0.0015   0.0037
 250 19175.5616   0.0815   0.0739
 251 19175.5738   0.0991   0.0858
 252 19175.5860   0.0473   0.0298
 253 19175.5982   0.0318   0.0150
 254 19175.6104   0.0095  -0.0189
 255 19175.6226   0.0008  -0.0002
 256 19175.6349   0.0081  -0.0037
 257 19175.6471   0.0002  -0.0019
 258 19175.6593   0.0216  -0.0094
 259 19175.6715   0.0061  -0.0048
 260 19175.6837  -0.0013   0.0106
 261 19175.6959   0.0133   0.0147
 262 19175.7081  -0.0042  -0.0065
 263 19175.7203   0.0001  -0.0082
 264 19175.7325   0.0095  -0.0002
 265 19175.7447   0.0178   0.0099
 266 19175.7569   0.0063  -0.0107
 267 19175.7691  -0.0068   0.0067
 268 19175.7814  -0.0218  -0.0008
 269 19175.7936   0.0084   0.0020
 270 19175.8058   0.0098  -0.0131
 271 19175.8180   0.0047   0.0085
 272 19175.8302  -0.0039   0.0016
 273 19175.8424  -0.0032  -0.0089
 274 19175.8546   0.0063   0.0081
 275 19175.8668   0.0089  -0.0096
 276 19175.8790  -0.0059   0.0026
 277 19175.8912   0.0282   0.0022
 278 19175.9034   0.0096  -0.0065
 279 19175.9157  -0.0076  -0.0064
 280 19175.9279   0.0238  -0.0017
 281 19175.9401   0.0030   0.0006
 282 19175.9523  -0.0067   0.0032
 283 19175.9645   0.0266   0.0006
 284 19175.9767   0.0123   0.0091
 285 19175.9889   0.0021  -0.0023
 286 19176.0011   0.0066  -0.0058
 287 19176.0133  -0.0057   0.0015
 288 19176.0255   0.0111  -0.0001
 289 19176.0377   0.0111  -0.0002
 290 19176.0499  -0.0083   0.0033
 291 19176.0622  -0.0026   0.0120
 292 19176.0744   0.0053  -0.0133
 293 19176.0866   0.0132   0.0041
 294 19176.0988  -0.0065   0.0065
 295 19176.1110   0.0054  -0.0021
 296 19176.1232   0.0001  -0.0048
 297 19176.1354  -0.0021   0.0172
 298 19176.1476  -0.0041   0.0140
 299 19176.1598  -0.0020  -0.0011
 300 19176.1720  -0.0079   0.0019
 301 19176.1842   0.0182   0.0030
 302 19176.1964   0.0060   0.0019
 303 19176.2087   0.0011   0.0105
 304 19176.2209   0.0115  -0.0168
 305 19176.2331  -0.0192   0.0164
 306 19176.2453   0.0013   0.0087
 307 19176.2575   0.0026  -0.0078
 308 19176.2697   0.0101  -0.0012
 309 19176.2819  -0.0007   0.0145
 310 19176.2941   0.0066   0.0051
 311 19176.3063   0.0054   0.0061
 312 19176.3185  -0.0131   0.0073
 313 19176.3307  -0.0009   0.0074
 314 19176.3430  -0.0015   0.0077
 315 19176.3552  -0.0034   0.0094
 316 19176.3674   0.0021   0.0002
 317 19176.3796   0.0041   0.0171
 318 19176.3918  -0.0087   0.0190
 319 19176.4040   0.0007   0.0057
 320 19176.4162  -0.0127  -0.0001
 321 19176.4284  -0.0108   0.0055
 322 19176.4406  -0.0095   0.0144
 323 19176.4528  -0.0141   0.0189
 324 19176.4650  -0.0085   0.0052
 325 19176.4772  -0.0059  -0.0032
 326 19176.4895   0.0054   0.0217
 327 19176.5017   0.0059  -0.0015
 328 19176.5139  -0.0041   0.0052
 329 19176.5261  -0.0014  -0.0089
 330 19176.5383   0.0120   0.0075
 331 19176.5505  -0.0140  -0.0057
 332 19176.5627  -0.0038   0.0062
 333 19176.5749  -0.0036   0.0113
 334 19176.5871   0.0051   0.0006
 335 19176.5993  -0.0047   0.0012
 336 19176.6115  -0.0141   0.0081
 337 19176.6238  -0.0218  -0.0033
 338 19176.6360  -0.0044  -0.0002
 339 19176.6482   0.0025  -0.0018
 340 19176.6604  -0.0023  -0.0074
 341 19176.6726   0.0055  -0.0091
 342 19176.6848   0.0068   0.0091
 343 19176.6970  -0.0043  -0.0011
 344 19176.7092   0.0014   0.0022
 345 19176.7214   0.0132  -0.0110
 346 19176.7336   0.0090  -0.0124
 347 19176.7458  -0.0017  -0.0026
 348 19176.7580   0.0015   0.0045
 349 19176.7703  -0.0061  -0.0092
 350 19176.7825  -0.0020   0.0009
 351 19176.7947  -0.0046  -0.0002
 352 19176.8069   0.0035  -0.0002
 353 19176.8191   0.0087  -0.0041
 354 19176.8313   0.0071   0.0050
 355 19176.8435   0.0107   0.0149
 356 19176.8557   0.0069   0.0011
 357 19176.8679  -0.0037   0.0121
 358 19176.8801  -0.0058   0.0036
 359 19176.8923   0.0080   0.0051
 360 19176.9046   0.0006   0.0156
 361 19176.9168  -0.0000  -0.0038
 362 19176.9290   0.0102   0.0097
 363 19176.9412  -0.0000   0.0065
 364 19176.9534  -0.0039  -0.0039
 365 19176.9656  -0.0092   0.0107
 366 19176.9778   0.0019   0.0215
 367 19176.9900  -0.0121  -0.0080
 368 19177.0022   0.0087  -0.0159
 369 19177.0144   0.0047   0.0063
 370 19177.0266  -0.0014   0.0061
 371 19177.0388   0.0025  -0.0020
 372 19177.0511   0.0123   0.0053
 373 19177.0633   0.0084  -0.0075
 374 19177.0755  -0.0062  -0.0056
 375 19177.0877  -0.0100  -0.0046
 376 19177.0999  -0.0059  -0.0012
 377 19177.1121   0.0182  -0.0159
 378 19177.1243   0.0109   0.0026
 379 19177.1365   0.0061  -0.0051
 380 19177.1487  -0.0114   0.0203
 381 19177.1609   0.0093   0.0173
 382 19177.1731   0.0125   0.0060
 383 19177.1854  -0.0071  -0.0006
 384 19177.1976   0.0059   0.0122
 385 19177.2098   0.0088   0.0014
 386 19177.2220  -0.0027  -0.0014
 387 19177.2342  -0.0016   0.0068
 388 19177.2464  -0.0035  -0.0052
 389 19177.2586  -0.0169   0.0153
 390 19177.2708  -0.0102   0.0107
 391 19177.2830   0.0068   0.0050
 392 19177.2952  -0.0005  -0.0006
 393 19177.3074   0.0019  -0.0043
 394 19177.3196   0.0120  -0.0062
 395 19177.3319  -0.0154  -0.0023
 396 19177.3441  -0.0133   0.0022
 397 19177.3563   0.0148   0.0085
 398 19177.3685   0.0016   0.0031
 399 19177.3807  -0.0019  -0.0017
